0.000000000000000000e+00, 0.000000000000000000e+00, 0.000000000000000000e+00
1.001001001001001062e-01, 0.000000000000000000e+00, 0.000000000000000000e+00
2.002002002002002123e-01, 0.000000000000000000e+00, 0.000000000000000000e+00
3.003003003003003046e-01, 0.000000000000000000e+00, 0.000000000000000000e+00
4.004004004004004247e-01, 0.000000000000000000e+00, 0.000000000000000000e+00
5.005005005005005447e-01, 0.000000000000000000e+00, 0.000000000000000000e+00
6.006006006006006093e-01, 0.000000000000000000e+00, 0.000000000000000000e+00
7.007007007007007848e-01, 0.000000000000000000e+00, 0.000000000000000000e+00
8.008008008008008494e-01, 0.000000000000000000e+00, 0.000000000000000000e+00
9.009009009009009139e-01, 0.000000000000000000e+00, 0.000000000000000000e+00
1.001001001001001089e+00, 0.000000000000000000e+00, 0.000000000000000000e+00
1.101101101101101154e+00, 0.000000000000000000e+00, 0.000000000000000000e+00
1.201201201201201219e+00, 0.000000000000000000e+00, 0.000000000000000000e+00
1.301301301301301283e+00, 0.000000000000000000e+00, 0.000000000000000000e+00
1.401401401401401570e+00, 0.000000000000000000e+00, 0.000000000000000000e+00
1.501501501501501634e+00, 0.000000000000000000e+00, 0.000000000000000000e+00
1.601601601601601699e+00, 0.000000000000000000e+00, 0.000000000000000000e+00
1.701701701701701763e+00, 0.000000000000000000e+00, 0.000000000000000000e+00
1.801801801801801828e+00, 0.000000000000000000e+00, 0.000000000000000000e+00
1.901901901901902114e+00, 0.000000000000000000e+00, 0.000000000000000000e+00
2.002002002002002179e+00, 0.000000000000000000e+00, 0.000000000000000000e+00
2.102102102102102243e+00, 0.000000000000000000e+00, 0.000000000000000000e+00
2.202202202202202308e+00, 0.000000000000000000e+00, 0.000000000000000000e+00
2.302302302302302373e+00, 0.000000000000000000e+00, 0.000000000000000000e+00
2.402402402402402437e+00, 0.000000000000000000e+00, 0.000000000000000000e+00
2.502502502502502502e+00, 0.000000000000000000e+00, 0.000000000000000000e+00
2.602602602602602566e+00, 0.000000000000000000e+00, 0.000000000000000000e+00
2.702702702702703075e+00, 0.000000000000000000e+00, 0.000000000000000000e+00
2.802802802802803139e+00, 0.000000000000000000e+00, 0.000000000000000000e+00
2.902902902902903204e+00, 0.000000000000000000e+00, 0.000000000000000000e+00
3.003003003003003268e+00, 0.000000000000000000e+00, 0.000000000000000000e+00
3.103103103103103333e+00, 0.000000000000000000e+00, 0.000000000000000000e+00
3.203203203203203397e+00, 0.000000000000000000e+00, 0.000000000000000000e+00
3.303303303303303462e+00, 0.000000000000000000e+00, 0.000000000000000000e+00
3.403403403403403527e+00, 0.000000000000000000e+00, 0.000000000000000000e+00
3.503503503503503591e+00, 0.000000000000000000e+00, 0.000000000000000000e+00
3.603603603603603656e+00, 0.000000000000000000e+00, 0.000000000000000000e+00
3.703703703703703720e+00, 0.000000000000000000e+00, 0.000000000000000000e+00
3.803803803803804229e+00, 0.000000000000000000e+00, 0.000000000000000000e+00
3.903903903903904293e+00, 0.000000000000000000e+00, 0.000000000000000000e+00
4.004004004004004358e+00, 0.000000000000000000e+00, 0.000000000000000000e+00
4.104104104104104422e+00, 0.000000000000000000e+00, 0.000000000000000000e+00
4.204204204204204487e+00, 0.000000000000000000e+00, 0.000000000000000000e+00
4.304304304304304551e+00, 0.000000000000000000e+00, 0.000000000000000000e+00
4.404404404404404616e+00, 0.000000000000000000e+00, 0.000000000000000000e+00
4.504504504504504681e+00, 0.000000000000000000e+00, 0.000000000000000000e+00
4.604604604604604745e+00, 0.000000000000000000e+00, 0.000000000000000000e+00
4.704704704704704810e+00, 0.000000000000000000e+00, 0.000000000000000000e+00
4.804804804804804874e+00, 0.000000000000000000e+00, 0.000000000000000000e+00
4.904904904904904939e+00, 0.000000000000000000e+00, 0.000000000000000000e+00
5.005005005005005003e+00, 0.000000000000000000e+00, 0.000000000000000000e+00
5.105105105105105068e+00, 0.000000000000000000e+00, 0.000000000000000000e+00
5.205205205205205132e+00, 0.000000000000000000e+00, 0.000000000000000000e+00
5.305305305305305197e+00, 0.000000000000000000e+00, 0.000000000000000000e+00
5.405405405405406150e+00, 0.000000000000000000e+00, 0.000000000000000000e+00
5.505505505505506214e+00, 0.000000000000000000e+00, 0.000000000000000000e+00
5.605605605605606279e+00, 0.000000000000000000e+00, 0.000000000000000000e+00
5.705705705705706343e+00, 0.000000000000000000e+00, 0.000000000000000000e+00
5.805805805805806408e+00, 0.000000000000000000e+00, 0.000000000000000000e+00
5.905905905905906472e+00, 0.000000000000000000e+00, 0.000000000000000000e+00
6.006006006006006537e+00, 0.000000000000000000e+00, 0.000000000000000000e+00
6.106106106106106601e+00, 0.000000000000000000e+00, 0.000000000000000000e+00
6.206206206206206666e+00, 0.000000000000000000e+00, 0.000000000000000000e+00
6.306306306306306730e+00, 0.000000000000000000e+00, 0.000000000000000000e+00
6.406406406406406795e+00, 0.000000000000000000e+00, 0.000000000000000000e+00
6.506506506506506859e+00, 0.000000000000000000e+00, 0.000000000000000000e+00
6.606606606606606924e+00, 0.000000000000000000e+00, 0.000000000000000000e+00
6.706706706706706989e+00, 0.000000000000000000e+00, 0.000000000000000000e+00
6.806806806806807053e+00, 0.000000000000000000e+00, 0.000000000000000000e+00
6.906906906906907118e+00, 0.000000000000000000e+00, 0.000000000000000000e+00
7.007007007007007182e+00, 0.000000000000000000e+00, 0.000000000000000000e+00
7.107107107107107247e+00, 0.000000000000000000e+00, 0.000000000000000000e+00
7.207207207207207311e+00, 0.000000000000000000e+00, 0.000000000000000000e+00
7.307307307307307376e+00, 0.000000000000000000e+00, 0.000000000000000000e+00
7.407407407407407440e+00, 0.000000000000000000e+00, 0.000000000000000000e+00
7.507507507507508393e+00, 0.000000000000000000e+00, 0.000000000000000000e+00
7.607607607607608458e+00, 0.000000000000000000e+00, 0.000000000000000000e+00
7.707707707707708522e+00, 0.000000000000000000e+00, 0.000000000000000000e+00
7.807807807807808587e+00, 0.000000000000000000e+00, 0.000000000000000000e+00
7.907907907907908651e+00, 0.000000000000000000e+00, 0.000000000000000000e+00
8.008008008008008716e+00, 0.000000000000000000e+00, 0.000000000000000000e+00
8.108108108108108780e+00, 0.000000000000000000e+00, 0.000000000000000000e+00
8.208208208208208845e+00, 0.000000000000000000e+00, 0.000000000000000000e+00
8.308308308308308909e+00, 0.000000000000000000e+00, 0.000000000000000000e+00
8.408408408408408974e+00, 0.000000000000000000e+00, 0.000000000000000000e+00
8.508508508508509038e+00, 0.000000000000000000e+00, 0.000000000000000000e+00
8.608608608608609103e+00, 0.000000000000000000e+00, 0.000000000000000000e+00
8.708708708708709167e+00, 0.000000000000000000e+00, 0.000000000000000000e+00
8.808808808808809232e+00, 0.000000000000000000e+00, 0.000000000000000000e+00
8.908908908908909297e+00, 0.000000000000000000e+00, 0.000000000000000000e+00
9.009009009009009361e+00, 0.000000000000000000e+00, 0.000000000000000000e+00
9.109109109109109426e+00, 0.000000000000000000e+00, 0.000000000000000000e+00
9.209209209209209490e+00, 0.000000000000000000e+00, 0.000000000000000000e+00
9.309309309309309555e+00, 0.000000000000000000e+00, 0.000000000000000000e+00
9.409409409409409619e+00, 0.000000000000000000e+00, 0.000000000000000000e+00
9.509509509509509684e+00, 0.000000000000000000e+00, 0.000000000000000000e+00
9.609609609609609748e+00, 0.000000000000000000e+00, 0.000000000000000000e+00
9.709709709709709813e+00, 0.000000000000000000e+00, 0.000000000000000000e+00
9.809809809809809877e+00, 0.000000000000000000e+00, 0.000000000000000000e+00
9.909909909909909942e+00, 0.000000000000000000e+00, 0.000000000000000000e+00
1.001001001001001001e+01, 0.000000000000000000e+00, 0.000000000000000000e+00
1.011011011011011007e+01, 0.000000000000000000e+00, 0.000000000000000000e+00
1.021021021021021014e+01, 0.000000000000000000e+00, 0.000000000000000000e+00
1.031031031031031020e+01, 0.000000000000000000e+00, 0.000000000000000000e+00
1.041041041041041026e+01, 0.000000000000000000e+00, 0.000000000000000000e+00
1.051051051051051033e+01, 0.000000000000000000e+00, 0.000000000000000000e+00
1.061061061061061039e+01, 0.000000000000000000e+00, 0.000000000000000000e+00
1.071071071071071223e+01, 0.000000000000000000e+00, 0.000000000000000000e+00
1.081081081081081230e+01, 0.000000000000000000e+00, 0.000000000000000000e+00
1.091091091091091236e+01, 0.000000000000000000e+00, 0.000000000000000000e+00
1.101101101101101243e+01, 0.000000000000000000e+00, 0.000000000000000000e+00
1.111111111111111249e+01, 0.000000000000000000e+00, 0.000000000000000000e+00
1.121121121121121256e+01, 0.000000000000000000e+00, 0.000000000000000000e+00
1.131131131131131262e+01, 0.000000000000000000e+00, 0.000000000000000000e+00
1.141141141141141269e+01, 0.000000000000000000e+00, 0.000000000000000000e+00
1.151151151151151275e+01, 0.000000000000000000e+00, 0.000000000000000000e+00
1.161161161161161282e+01, 0.000000000000000000e+00, 0.000000000000000000e+00
1.171171171171171288e+01, 0.000000000000000000e+00, 0.000000000000000000e+00
1.181181181181181294e+01, 0.000000000000000000e+00, 0.000000000000000000e+00
1.191191191191191301e+01, 0.000000000000000000e+00, 0.000000000000000000e+00
1.201201201201201307e+01, 0.000000000000000000e+00, 0.000000000000000000e+00
1.211211211211211314e+01, 0.000000000000000000e+00, 0.000000000000000000e+00
1.221221221221221320e+01, 0.000000000000000000e+00, 0.000000000000000000e+00
1.231231231231231327e+01, 0.000000000000000000e+00, 0.000000000000000000e+00
1.241241241241241333e+01, 0.000000000000000000e+00, 0.000000000000000000e+00
1.251251251251251340e+01, 0.000000000000000000e+00, 0.000000000000000000e+00
1.261261261261261346e+01, 0.000000000000000000e+00, 0.000000000000000000e+00
1.271271271271271353e+01, 0.000000000000000000e+00, 0.000000000000000000e+00
1.281281281281281359e+01, 0.000000000000000000e+00, 0.000000000000000000e+00
1.291291291291291365e+01, 0.000000000000000000e+00, 0.000000000000000000e+00
1.301301301301301372e+01, 0.000000000000000000e+00, 0.000000000000000000e+00
1.311311311311311378e+01, 0.000000000000000000e+00, 0.000000000000000000e+00
1.321321321321321385e+01, 0.000000000000000000e+00, 0.000000000000000000e+00
1.331331331331331391e+01, 0.000000000000000000e+00, 0.000000000000000000e+00
1.341341341341341398e+01, 0.000000000000000000e+00, 0.000000000000000000e+00
1.351351351351351404e+01, 0.000000000000000000e+00, 0.000000000000000000e+00
1.361361361361361411e+01, 0.000000000000000000e+00, 0.000000000000000000e+00
1.371371371371371417e+01, 0.000000000000000000e+00, 0.000000000000000000e+00
1.381381381381381424e+01, 0.000000000000000000e+00, 0.000000000000000000e+00
1.391391391391391430e+01, 0.000000000000000000e+00, 0.000000000000000000e+00
1.401401401401401436e+01, 0.000000000000000000e+00, 0.000000000000000000e+00
1.411411411411411443e+01, 0.000000000000000000e+00, 0.000000000000000000e+00
1.421421421421421449e+01, 0.000000000000000000e+00, 0.000000000000000000e+00
1.431431431431431456e+01, 0.000000000000000000e+00, 0.000000000000000000e+00
1.441441441441441462e+01, 0.000000000000000000e+00, 0.000000000000000000e+00
1.451451451451451469e+01, 0.000000000000000000e+00, 0.000000000000000000e+00
1.461461461461461475e+01, 0.000000000000000000e+00, 0.000000000000000000e+00
1.471471471471471482e+01, 0.000000000000000000e+00, 0.000000000000000000e+00
1.481481481481481488e+01, 0.000000000000000000e+00, 0.000000000000000000e+00
1.491491491491491495e+01, 0.000000000000000000e+00, 0.000000000000000000e+00
1.501501501501501679e+01, 0.000000000000000000e+00, 0.000000000000000000e+00
1.511511511511511685e+01, 0.000000000000000000e+00, 0.000000000000000000e+00
1.521521521521521692e+01, 0.000000000000000000e+00, 0.000000000000000000e+00
1.531531531531531698e+01, 0.000000000000000000e+00, 0.000000000000000000e+00
1.541541541541541704e+01, 0.000000000000000000e+00, 0.000000000000000000e+00
1.551551551551551711e+01, 0.000000000000000000e+00, 0.000000000000000000e+00
1.561561561561561717e+01, 0.000000000000000000e+00, 0.000000000000000000e+00
1.571571571571571724e+01, 0.000000000000000000e+00, 0.000000000000000000e+00
1.581581581581581730e+01, 0.000000000000000000e+00, 0.000000000000000000e+00
1.591591591591591737e+01, 0.000000000000000000e+00, 0.000000000000000000e+00
1.601601601601601743e+01, 0.000000000000000000e+00, 0.000000000000000000e+00
1.611611611611611750e+01, 0.000000000000000000e+00, 0.000000000000000000e+00
1.621621621621621756e+01, 0.000000000000000000e+00, 0.000000000000000000e+00
1.631631631631631763e+01, 0.000000000000000000e+00, 0.000000000000000000e+00
1.641641641641641769e+01, 0.000000000000000000e+00, 0.000000000000000000e+00
1.651651651651651775e+01, 0.000000000000000000e+00, 0.000000000000000000e+00
1.661661661661661782e+01, 0.000000000000000000e+00, 0.000000000000000000e+00
1.671671671671671788e+01, 0.000000000000000000e+00, 0.000000000000000000e+00
1.681681681681681795e+01, 0.000000000000000000e+00, 0.000000000000000000e+00
1.691691691691691801e+01, 0.000000000000000000e+00, 0.000000000000000000e+00
1.701701701701701808e+01, 0.000000000000000000e+00, 0.000000000000000000e+00
1.711711711711711814e+01, 0.000000000000000000e+00, 0.000000000000000000e+00
1.721721721721721821e+01, 0.000000000000000000e+00, 0.000000000000000000e+00
1.731731731731731827e+01, 0.000000000000000000e+00, 0.000000000000000000e+00
1.741741741741741833e+01, 0.000000000000000000e+00, 0.000000000000000000e+00
1.751751751751751840e+01, 0.000000000000000000e+00, 0.000000000000000000e+00
1.761761761761761846e+01, 0.000000000000000000e+00, 0.000000000000000000e+00
1.771771771771771853e+01, 0.000000000000000000e+00, 0.000000000000000000e+00
1.781781781781781859e+01, 0.000000000000000000e+00, 0.000000000000000000e+00
1.791791791791791866e+01, 0.000000000000000000e+00, 0.000000000000000000e+00
1.801801801801801872e+01, 0.000000000000000000e+00, 0.000000000000000000e+00
1.811811811811811879e+01, 0.000000000000000000e+00, 0.000000000000000000e+00
1.821821821821821885e+01, 0.000000000000000000e+00, 0.000000000000000000e+00
1.831831831831831892e+01, 0.000000000000000000e+00, 0.000000000000000000e+00
1.841841841841841898e+01, 0.000000000000000000e+00, 0.000000000000000000e+00
1.851851851851851904e+01, 0.000000000000000000e+00, 0.000000000000000000e+00
1.861861861861861911e+01, 0.000000000000000000e+00, 0.000000000000000000e+00
1.871871871871871917e+01, 0.000000000000000000e+00, 0.000000000000000000e+00
1.881881881881881924e+01, 0.000000000000000000e+00, 0.000000000000000000e+00
1.891891891891891930e+01, 0.000000000000000000e+00, 0.000000000000000000e+00
1.901901901901901937e+01, 0.000000000000000000e+00, 0.000000000000000000e+00
1.911911911911911943e+01, 0.000000000000000000e+00, 0.000000000000000000e+00
1.921921921921921950e+01, 0.000000000000000000e+00, 0.000000000000000000e+00
1.931931931931931956e+01, 0.000000000000000000e+00, 0.000000000000000000e+00
1.941941941941941963e+01, 0.000000000000000000e+00, 0.000000000000000000e+00
1.951951951951951969e+01, 0.000000000000000000e+00, 0.000000000000000000e+00
1.961961961961961975e+01, 0.000000000000000000e+00, 0.000000000000000000e+00
1.971971971971971982e+01, 0.000000000000000000e+00, 0.000000000000000000e+00
1.981981981981981988e+01, 0.000000000000000000e+00, 0.000000000000000000e+00
1.991991991991991995e+01, 0.000000000000000000e+00, 0.000000000000000000e+00
2.002002002002002001e+01, 0.000000000000000000e+00, 0.000000000000000000e+00
2.012012012012012008e+01, 0.000000000000000000e+00, 0.000000000000000000e+00
2.022022022022022014e+01, 0.000000000000000000e+00, 0.000000000000000000e+00
2.032032032032032021e+01, 0.000000000000000000e+00, 0.000000000000000000e+00
2.042042042042042027e+01, 0.000000000000000000e+00, 0.000000000000000000e+00
2.052052052052052034e+01, 0.000000000000000000e+00, 0.000000000000000000e+00
2.062062062062062040e+01, 0.000000000000000000e+00, 0.000000000000000000e+00
2.072072072072072046e+01, 0.000000000000000000e+00, 0.000000000000000000e+00
2.082082082082082053e+01, 0.000000000000000000e+00, 0.000000000000000000e+00
2.092092092092092059e+01, 0.000000000000000000e+00, 0.000000000000000000e+00
2.102102102102102066e+01, 0.000000000000000000e+00, 0.000000000000000000e+00
2.112112112112112072e+01, 0.000000000000000000e+00, 0.000000000000000000e+00
2.122122122122122079e+01, 0.000000000000000000e+00, 0.000000000000000000e+00
2.132132132132132085e+01, 0.000000000000000000e+00, 0.000000000000000000e+00
2.142142142142142447e+01, 0.000000000000000000e+00, 0.000000000000000000e+00
2.152152152152152453e+01, 0.000000000000000000e+00, 0.000000000000000000e+00
2.162162162162162460e+01, 0.000000000000000000e+00, 0.000000000000000000e+00
2.172172172172172466e+01, 0.000000000000000000e+00, 0.000000000000000000e+00
2.182182182182182473e+01, 0.000000000000000000e+00, 0.000000000000000000e+00
2.192192192192192479e+01, 0.000000000000000000e+00, 0.000000000000000000e+00
2.202202202202202486e+01, 0.000000000000000000e+00, 0.000000000000000000e+00
2.212212212212212492e+01, 0.000000000000000000e+00, 0.000000000000000000e+00
2.222222222222222499e+01, 0.000000000000000000e+00, 0.000000000000000000e+00
2.232232232232232505e+01, 0.000000000000000000e+00, 0.000000000000000000e+00
2.242242242242242511e+01, 0.000000000000000000e+00, 0.000000000000000000e+00
2.252252252252252518e+01, 0.000000000000000000e+00, 0.000000000000000000e+00
2.262262262262262524e+01, 0.000000000000000000e+00, 0.000000000000000000e+00
2.272272272272272531e+01, 0.000000000000000000e+00, 0.000000000000000000e+00
2.282282282282282537e+01, 0.000000000000000000e+00, 0.000000000000000000e+00
2.292292292292292544e+01, 0.000000000000000000e+00, 0.000000000000000000e+00
2.302302302302302550e+01, 0.000000000000000000e+00, 0.000000000000000000e+00
2.312312312312312557e+01, 0.000000000000000000e+00, 0.000000000000000000e+00
2.322322322322322563e+01, 0.000000000000000000e+00, 0.000000000000000000e+00
2.332332332332332570e+01, 0.000000000000000000e+00, 0.000000000000000000e+00
2.342342342342342576e+01, 0.000000000000000000e+00, 0.000000000000000000e+00
2.352352352352352582e+01, 0.000000000000000000e+00, 0.000000000000000000e+00
2.362362362362362589e+01, 0.000000000000000000e+00, 0.000000000000000000e+00
2.372372372372372595e+01, 0.000000000000000000e+00, 0.000000000000000000e+00
2.382382382382382602e+01, 0.000000000000000000e+00, 0.000000000000000000e+00
2.392392392392392608e+01, 0.000000000000000000e+00, 0.000000000000000000e+00
2.402402402402402615e+01, 0.000000000000000000e+00, 0.000000000000000000e+00
2.412412412412412621e+01, 0.000000000000000000e+00, 0.000000000000000000e+00
2.422422422422422628e+01, 0.000000000000000000e+00, 0.000000000000000000e+00
2.432432432432432634e+01, 0.000000000000000000e+00, 0.000000000000000000e+00
2.442442442442442641e+01, 0.000000000000000000e+00, 0.000000000000000000e+00
2.452452452452452647e+01, 0.000000000000000000e+00, 0.000000000000000000e+00
2.462462462462462653e+01, 0.000000000000000000e+00, 0.000000000000000000e+00
2.472472472472472660e+01, 0.000000000000000000e+00, 0.000000000000000000e+00
2.482482482482482666e+01, 0.000000000000000000e+00, 0.000000000000000000e+00
2.492492492492492673e+01, 0.000000000000000000e+00, 0.000000000000000000e+00
2.502502502502502679e+01, 0.000000000000000000e+00, 0.000000000000000000e+00
2.512512512512512686e+01, 0.000000000000000000e+00, 0.000000000000000000e+00
2.522522522522522692e+01, 0.000000000000000000e+00, 0.000000000000000000e+00
2.532532532532532699e+01, 0.000000000000000000e+00, 0.000000000000000000e+00
2.542542542542542705e+01, 0.000000000000000000e+00, 0.000000000000000000e+00
2.552552552552552712e+01, 0.000000000000000000e+00, 0.000000000000000000e+00
2.562562562562562718e+01, 0.000000000000000000e+00, 0.000000000000000000e+00
2.572572572572572724e+01, 0.000000000000000000e+00, 0.000000000000000000e+00
2.582582582582582731e+01, 0.000000000000000000e+00, 0.000000000000000000e+00
2.592592592592592737e+01, 0.000000000000000000e+00, 0.000000000000000000e+00
2.602602602602602744e+01, 0.000000000000000000e+00, 0.000000000000000000e+00
2.612612612612612750e+01, 0.000000000000000000e+00, 0.000000000000000000e+00
2.622622622622622757e+01, 0.000000000000000000e+00, 0.000000000000000000e+00
2.632632632632632763e+01, 0.000000000000000000e+00, 0.000000000000000000e+00
2.642642642642642770e+01, 0.000000000000000000e+00, 0.000000000000000000e+00
2.652652652652652776e+01, 0.000000000000000000e+00, 0.000000000000000000e+00
2.662662662662662783e+01, 0.000000000000000000e+00, 0.000000000000000000e+00
2.672672672672672789e+01, 0.000000000000000000e+00, 0.000000000000000000e+00
2.682682682682682795e+01, 0.000000000000000000e+00, 0.000000000000000000e+00
2.692692692692692802e+01, 0.000000000000000000e+00, 0.000000000000000000e+00
2.702702702702702808e+01, 0.000000000000000000e+00, 0.000000000000000000e+00
2.712712712712712815e+01, 0.000000000000000000e+00, 0.000000000000000000e+00
2.722722722722722821e+01, 0.000000000000000000e+00, 0.000000000000000000e+00
2.732732732732732828e+01, 0.000000000000000000e+00, 0.000000000000000000e+00
2.742742742742742834e+01, 0.000000000000000000e+00, 0.000000000000000000e+00
2.752752752752752841e+01, 0.000000000000000000e+00, 0.000000000000000000e+00
2.762762762762762847e+01, 0.000000000000000000e+00, 0.000000000000000000e+00
2.772772772772772854e+01, 0.000000000000000000e+00, 0.000000000000000000e+00
2.782782782782782860e+01, 0.000000000000000000e+00, 0.000000000000000000e+00
2.792792792792792866e+01, 0.000000000000000000e+00, 0.000000000000000000e+00
2.802802802802802873e+01, 0.000000000000000000e+00, 0.000000000000000000e+00
2.812812812812812879e+01, 0.000000000000000000e+00, 0.000000000000000000e+00
2.822822822822822886e+01, 0.000000000000000000e+00, 0.000000000000000000e+00
2.832832832832832892e+01, 0.000000000000000000e+00, 0.000000000000000000e+00
2.842842842842842899e+01, 0.000000000000000000e+00, 0.000000000000000000e+00
2.852852852852852905e+01, 0.000000000000000000e+00, 0.000000000000000000e+00
2.862862862862862912e+01, 0.000000000000000000e+00, 0.000000000000000000e+00
2.872872872872872918e+01, 0.000000000000000000e+00, 0.000000000000000000e+00
2.882882882882882924e+01, 0.000000000000000000e+00, 0.000000000000000000e+00
2.892892892892892931e+01, 0.000000000000000000e+00, 0.000000000000000000e+00
2.902902902902902937e+01, 0.000000000000000000e+00, 0.000000000000000000e+00
2.912912912912912944e+01, 0.000000000000000000e+00, 0.000000000000000000e+00
2.922922922922922950e+01, 0.000000000000000000e+00, 0.000000000000000000e+00
2.932932932932932957e+01, 0.000000000000000000e+00, 0.000000000000000000e+00
2.942942942942942963e+01, 0.000000000000000000e+00, 0.000000000000000000e+00
2.952952952952952970e+01, 0.000000000000000000e+00, 0.000000000000000000e+00
2.962962962962962976e+01, 0.000000000000000000e+00, 0.000000000000000000e+00
2.972972972972972983e+01, 0.000000000000000000e+00, 0.000000000000000000e+00
2.982982982982982989e+01, 0.000000000000000000e+00, 0.000000000000000000e+00
2.992992992992993351e+01, 0.000000000000000000e+00, 0.000000000000000000e+00
3.003003003003003357e+01, 1.643787454767280977e-03, 1.000000000000000000e+00
3.013013013013013364e+01, 7.378759473593397497e-03, 1.000000000000000000e+00
3.023023023023023370e+01, 1.652505972552315711e-02, 1.000000000000000000e+00
3.033033033033033377e+01, 2.938731582542453841e-02, 1.000000000000000000e+00
3.043043043043043383e+01, 4.560832592166386146e-02, 1.000000000000000000e+00
3.053053053053053389e+01, 6.532169423862856095e-02, 1.000000000000000000e+00
3.063063063063063396e+01, 8.826620191660324022e-02, 1.000000000000000000e+00
3.073073073073073402e+01, 1.145060721631349365e-01, 1.000000000000000000e+00
3.083083083083083409e+01, 1.438239565115075613e-01, 1.000000000000000000e+00
3.093093093093093415e+01, 1.762460110014604509e-01, 1.000000000000000000e+00
3.103103103103103422e+01, 2.099357390395165113e-01, 0.000000000000000000e+00
3.113113113113113428e+01, 2.424476285777479312e-01, 0.000000000000000000e+00
3.123123123123123435e+01, 2.742844461759679775e-01, 0.000000000000000000e+00
3.133133133133133441e+01, 3.051265881664783075e-01, 0.000000000000000000e+00
3.143143143143143448e+01, 3.351649517637199094e-01, 0.000000000000000000e+00
3.153153153153153454e+01, 3.642386222899965942e-01, 0.000000000000000000e+00
3.163163163163163460e+01, 3.924504919598055253e-01, 0.000000000000000000e+00
3.173173173173173467e+01, 4.196997243461101923e-01, 0.000000000000000000e+00
3.183183183183183473e+01, 4.460516091012122208e-01, 0.000000000000000000e+00
3.193193193193193480e+01, 4.714362501114268689e-01, 0.000000000000000000e+00
3.203203203203203486e+01, 4.958994974270716227e-01, 0.000000000000000000e+00
3.213213213213213493e+01, 5.193902469101486785e-01, 0.000000000000000000e+00
3.223223223223223499e+01, 5.419432587042513072e-01, 0.000000000000000000e+00
3.233233233233233506e+01, 5.635201124492533742e-01, 0.000000000000000000e+00
3.243243243243243512e+01, 5.841488993529946327e-01, 0.000000000000000000e+00
3.253253253253253519e+01, 6.038004190090674461e-01, 0.000000000000000000e+00
3.263263263263263525e+01, 6.224986585894294322e-01, 0.000000000000000000e+00
3.273273273273273531e+01, 6.402214967750831098e-01, 0.000000000000000000e+00
3.283283283283283538e+01, 6.569904006517383044e-01, 0.000000000000000000e+00
3.293293293293293544e+01, 6.727889138015831216e-01, 0.000000000000000000e+00
3.303303303303303551e+01, 6.876370045953676957e-01, 0.000000000000000000e+00
3.313313313313313557e+01, 7.015228951530079193e-01, 0.000000000000000000e+00
3.323323323323323564e+01, 7.144657330430221887e-01, 0.000000000000000000e+00
3.333333333333333570e+01, 7.264576983383608244e-01, 0.000000000000000000e+00
3.343343343343343577e+01, 7.375175753873273177e-01, 0.000000000000000000e+00
3.353353353353353583e+01, 7.476409540072906923e-01, 0.000000000000000000e+00
3.363363363363363590e+01, 7.568465657724479101e-01, 0.000000000000000000e+00
3.373373373373373596e+01, 7.651329778801457815e-01, 0.000000000000000000e+00
3.383383383383383602e+01, 7.725190780187898287e-01, 0.000000000000000000e+00
3.393393393393393609e+01, 7.790060586426605926e-01, 0.000000000000000000e+00
3.403403403403403615e+01, 7.846131004010949983e-01, 0.000000000000000000e+00
3.413413413413413622e+01, 7.893437259554728636e-01, 0.000000000000000000e+00
3.423423423423423628e+01, 7.932174934937824551e-01, 0.000000000000000000e+00
3.433433433433433635e+01, 7.962400024161755407e-01, 0.000000000000000000e+00
3.443443443443443641e+01, 7.984312344036177400e-01, 0.000000000000000000e+00
3.453453453453453648e+01, 7.997986431127802609e-01, 0.000000000000000000e+00
3.463463463463463654e+01, 8.003626507195332751e-01, 0.000000000000000000e+00
3.473473473473473661e+01, 8.001323662572406015e-01, 0.000000000000000000e+00
3.483483483483483667e+01, 7.991286474672677498e-01, 0.000000000000000000e+00
3.493493493493493673e+01, 7.973620782571142485e-01, 0.000000000000000000e+00
3.503503503503503680e+01, 7.964977177382970286e-01, 1.000000000000000000e+00
3.513513513513513686e+01, 7.989948559327164634e-01, 1.000000000000000000e+00
3.523523523523523693e+01, 8.041952876568523312e-01, 1.000000000000000000e+00
3.533533533533533699e+01, 8.124166884994232785e-01, 1.000000000000000000e+00
3.543543543543543706e+01, 8.233238430924197937e-01, 1.000000000000000000e+00
3.553553553553553712e+01, 8.370644147032734184e-01, 1.000000000000000000e+00
3.563563563563563719e+01, 8.533994547978833722e-01, 1.000000000000000000e+00
3.573573573573573725e+01, 8.724081212112392292e-01, 1.000000000000000000e+00
3.583583583583583732e+01, 8.938955627163079898e-01, 1.000000000000000000e+00
3.593593593593593738e+01, 9.179036175271765297e-01, 1.000000000000000000e+00
3.603603603603603744e+01, 9.426184523843050833e-01, 0.000000000000000000e+00
3.613613613613613751e+01, 9.656108635930770179e-01, 0.000000000000000000e+00
3.623623623623623757e+01, 9.874063836931410432e-01, 0.000000000000000000e+00
3.633633633633633764e+01, 1.007702228281330603e+00, 0.000000000000000000e+00
3.643643643643643770e+01, 1.026712098167827492e+00, 0.000000000000000000e+00
3.653653653653653777e+01, 1.044292299268280821e+00, 0.000000000000000000e+00
3.663663663663663783e+01, 1.060568499273185417e+00, 0.000000000000000000e+00
3.673673673673673790e+01, 1.075457379480373898e+00, 0.000000000000000000e+00
3.683683683683683796e+01, 1.089046911195961753e+00, 0.000000000000000000e+00
3.693693693693693803e+01, 1.101284914135147286e+00, 0.000000000000000000e+00
3.703703703703703809e+01, 1.112239761137799876e+00, 0.000000000000000000e+00
3.713713713713713815e+01, 1.121878167988178188e+00, 0.000000000000000000e+00
3.723723723723723822e+01, 1.130257194908206753e+00, 0.000000000000000000e+00
3.733733733733733828e+01, 1.137356256452056513e+00, 0.000000000000000000e+00
3.743743743743743835e+01, 1.143225459000047017e+00, 0.000000000000000000e+00
3.753753753753753841e+01, 1.147853367784792633e+00, 0.000000000000000000e+00
3.763763763763763848e+01, 1.151285640093764773e+00, 0.000000000000000000e+00
3.773773773773773854e+01, 1.153517771485321086e+00, 0.000000000000000000e+00
3.783783783783783861e+01, 1.154592496330370421e+00, 0.000000000000000000e+00
3.793793793793793867e+01, 1.154510751582628947e+00, 0.000000000000000000e+00
3.803803803803803874e+01, 1.153313314956666558e+00, 0.000000000000000000e+00
3.813813813813813880e+01, 1.151005508405843925e+00, 0.000000000000000000e+00
3.823823823823823886e+01, 1.147626778692945493e+00, 0.000000000000000000e+00
3.833833833833833893e+01, 1.143186046839278491e+00, 0.000000000000000000e+00
3.843843843843843899e+01, 1.137721837134002545e+00, 0.000000000000000000e+00
3.853853853853853906e+01, 1.131246060769412809e+00, 0.000000000000000000e+00
3.863863863863863912e+01, 1.123796584173792024e+00, 0.000000000000000000e+00
3.873873873873873919e+01, 1.115387820286968257e+00, 0.000000000000000000e+00
3.883883883883883925e+01, 1.106057144136016301e+00, 0.000000000000000000e+00
3.893893893893893932e+01, 1.095821066821392353e+00, 0.000000000000000000e+00
3.903903903903903938e+01, 1.084716569896805982e+00, 0.000000000000000000e+00
3.913913913913913944e+01, 1.072761920664173418e+00, 0.000000000000000000e+00
3.923923923923923951e+01, 1.059993756450769542e+00, 0.000000000000000000e+00
3.933933933933933957e+01, 1.046431804888606543e+00, 0.000000000000000000e+00
3.943943943943943964e+01, 1.032112373343858414e+00, 0.000000000000000000e+00
3.953953953953953970e+01, 1.017056389343002465e+00, 0.000000000000000000e+00
3.963963963963963977e+01, 1.001299819276836089e+00, 0.000000000000000000e+00
3.973973973973973983e+01, 9.848645581171703300e-01, 0.000000000000000000e+00
3.983983983983983990e+01, 9.677862020165861612e-01, 0.000000000000000000e+00
3.993993993993993996e+01, 9.500874036296274028e-01, 0.000000000000000000e+00
4.004004004004004003e+01, 9.318033465604328436e-01, 0.000000000000000000e+00
4.014014014014014009e+01, 9.129572502423211056e-01, 0.000000000000000000e+00
4.024024024024024015e+01, 8.935838342920409128e-01, 0.000000000000000000e+00
4.034034034034034022e+01, 8.737067100745782300e-01, 0.000000000000000000e+00
4.044044044044044028e+01, 8.533600756523277431e-01, 0.000000000000000000e+00
4.054054054054054035e+01, 8.325677734558426524e-01, 0.000000000000000000e+00
4.064064064064064041e+01, 8.113634186288345429e-01, 0.000000000000000000e+00
4.074074074074074048e+01, 7.897709362264769828e-01, 0.000000000000000000e+00
4.084084084084084054e+01, 7.678232951445072008e-01, 0.000000000000000000e+00
4.094094094094094061e+01, 7.455443658672896712e-01, 0.000000000000000000e+00
4.104104104104104067e+01, 7.229664072036116051e-01, 0.000000000000000000e+00
4.114114114114114074e+01, 7.001131082117484361e-01, 0.000000000000000000e+00
4.124124124124124080e+01, 6.770159544298269827e-01, 0.000000000000000000e+00
4.134134134134134086e+01, 6.536983362705144351e-01, 0.000000000000000000e+00
4.144144144144144093e+01, 6.301909044105673541e-01, 0.000000000000000000e+00
4.154154154154154099e+01, 6.065166424765450204e-01, 0.000000000000000000e+00
4.164164164164164106e+01, 5.827053070432132165e-01, 0.000000000000000000e+00
4.174174174174174112e+01, 5.587793754412034852e-01, 0.000000000000000000e+00
4.184184184184184119e+01, 5.347676538640244726e-01, 0.000000000000000000e+00
4.194194194194194125e+01, 5.106920220981806535e-01, 0.000000000000000000e+00
4.204204204204204132e+01, 4.865802831298431941e-01, 0.000000000000000000e+00
4.214214214214214138e+01, 4.624536359032218602e-01, 0.000000000000000000e+00
4.224224224224224145e+01, 4.383388312169305689e-01, 0.000000000000000000e+00
4.234234234234234151e+01, 4.142563115542342023e-01, 0.000000000000000000e+00
4.244244244244244157e+01, 3.902317307011075598e-01, 0.000000000000000000e+00
4.254254254254254164e+01, 3.662847064988898893e-01, 0.000000000000000000e+00
4.264264264264264170e+01, 3.424397552893010954e-01, 0.000000000000000000e+00
4.274274274274274887e+01, 3.187156093058697848e-01, 0.000000000000000000e+00
4.284284284284284894e+01, 2.951356115852242223e-01, 0.000000000000000000e+00
4.294294294294294900e+01, 2.717175547918806999e-01, 0.000000000000000000e+00
4.304304304304304907e+01, 2.484835774916786533e-01, 0.000000000000000000e+00
4.314314314314314913e+01, 2.254504856199786300e-01, 0.000000000000000000e+00
4.324324324324324920e+01, 2.026391868793041562e-01, 0.000000000000000000e+00
4.334334334334334926e+01, 1.800654599159229041e-01, 0.000000000000000000e+00
4.344344344344344933e+01, 1.577489599869111581e-01, 0.000000000000000000e+00
4.354354354354354939e+01, 1.357044042886506596e-01, 0.000000000000000000e+00
4.364364364364364945e+01, 1.139501788621297140e-01, 0.000000000000000000e+00
4.374374374374374952e+01, 9.249991148877236002e-02, 0.000000000000000000e+00
4.384384384384384958e+01, 7.137070700330416795e-02, 0.000000000000000000e+00
4.394394394394394965e+01, 5.057508179554590089e-02, 0.000000000000000000e+00
4.404404404404404971e+01, 3.012885222459599568e-02, 0.000000000000000000e+00
4.414414414414414978e+01, 1.004340708828567463e-02, 0.000000000000000000e+00
4.424424424424424984e+01, -9.666728363671925339e-03, 0.000000000000000000e+00
4.434434434434434991e+01, -2.899130356719416268e-02, 0.000000000000000000e+00
4.444444444444444997e+01, -4.791708248811686610e-02, 0.000000000000000000e+00
4.454454454454455004e+01, -6.643495810260401091e-02, 0.000000000000000000e+00
4.464464464464465010e+01, -8.453297729894224122e-02, 0.000000000000000000e+00
4.474474474474475016e+01, -1.022031767938934299e-01, 0.000000000000000000e+00
4.484484484484485023e+01, -1.194348758522288112e-01, 0.000000000000000000e+00
4.494494494494495029e+01, -1.362212502601828357e-01, 0.000000000000000000e+00
4.504504504504505036e+01, -1.525528770225481889e-01, 0.000000000000000000e+00
4.514514514514515042e+01, -1.684240616922997591e-01, 0.000000000000000000e+00
4.524524524524525049e+01, -1.838266204637099277e-01, 0.000000000000000000e+00
4.534534534534535055e+01, -1.987559749667419662e-01, 0.000000000000000000e+00
4.544544544544545062e+01, -2.132051583091900959e-01, 0.000000000000000000e+00
4.554554554554555068e+01, -2.271706903699562408e-01, 0.000000000000000000e+00
4.564564564564565075e+01, -2.406467953681971639e-01, 0.000000000000000000e+00
4.574574574574575081e+01, -2.536310697176037965e-01, 0.000000000000000000e+00
4.584584584584585087e+01, -2.661188996285127617e-01, 0.000000000000000000e+00
4.594594594594595094e+01, -2.781089327041109116e-01, 0.000000000000000000e+00
4.604604604604605100e+01, -2.895976849233415917e-01, 0.000000000000000000e+00
4.614614614614615107e+01, -3.005848263594125824e-01, 0.000000000000000000e+00
4.624624624624625113e+01, -3.110679676565767382e-01, 0.000000000000000000e+00
4.634634634634635120e+01, -3.210477695225861794e-01, 0.000000000000000000e+00
4.644644644644645126e+01, -3.305228995093323352e-01, 0.000000000000000000e+00
4.654654654654655133e+01, -3.394949742662369263e-01, 0.000000000000000000e+00
4.664664664664665139e+01, -3.479636780705361865e-01, 0.000000000000000000e+00
4.674674674674675146e+01, -3.559315462212716552e-01, 0.000000000000000000e+00
4.684684684684685152e+01, -3.633992373460497305e-01, 0.000000000000000000e+00
4.694694694694695158e+01, -3.703701657593486685e-01, 0.000000000000000000e+00
4.704704704704705165e+01, -3.768459201044693230e-01, 0.000000000000000000e+00
4.714714714714715171e+01, -3.828307519900835398e-01, 0.000000000000000000e+00
4.724724724724725178e+01, -3.883271340137411931e-01, 0.000000000000000000e+00
4.734734734734735184e+01, -3.933401115223343902e-01, 0.000000000000000000e+00
4.744744744744745191e+01, -3.978729935113012317e-01, 0.000000000000000000e+00
4.754754754754755197e+01, -4.019315739238926710e-01, 0.000000000000000000e+00
4.764764764764765204e+01, -4.055199493319651682e-01, 0.000000000000000000e+00
4.774774774774775210e+01, -4.086446157920048394e-01, 0.000000000000000000e+00
4.784784784784785217e+01, -4.113104075925636538e-01, 0.000000000000000000e+00
4.794794794794795223e+01, -4.135244753186937405e-01, 0.000000000000000000e+00
4.804804804804805229e+01, -4.152923403007124925e-01, 0.000000000000000000e+00
4.814814814814815236e+01, -4.166217592001806858e-01, 0.000000000000000000e+00
4.824824824824825242e+01, -4.175188891174875794e-01, 0.000000000000000000e+00
4.834834834834835249e+01, -4.179920436992248800e-01, 0.000000000000000000e+00
4.844844844844845255e+01, -4.180479641605033270e-01, 0.000000000000000000e+00
4.854854854854855262e+01, -4.176954716232467169e-01, 0.000000000000000000e+00
4.864864864864865268e+01, -4.169418395853636827e-01, 0.000000000000000000e+00
4.874874874874875275e+01, -4.157963469300830495e-01, 0.000000000000000000e+00
4.884884884884885281e+01, -4.142667476300533891e-01, 0.000000000000000000e+00
4.894894894894895288e+01, -4.123627286175323148e-01, 0.000000000000000000e+00
4.904904904904905294e+01, -4.100924727489387300e-01, 0.000000000000000000e+00
4.914914914914915300e+01, -4.074660254928533787e-01, 0.000000000000000000e+00
4.924924924924925307e+01, -4.044919474010733040e-01, 0.000000000000000000e+00
4.934934934934935313e+01, -4.011805933545095626e-01, 0.000000000000000000e+00
4.944944944944945320e+01, -3.975408509918195721e-01, 0.000000000000000000e+00
4.954954954954955326e+01, -3.935833360510662682e-01, 0.000000000000000000e+00
4.964964964964965333e+01, -3.893172133978184957e-01, 0.000000000000000000e+00
4.974974974974975339e+01, -3.847533118116662765e-01, 0.000000000000000000e+00
4.984984984984985346e+01, -3.799010244334459774e-01, 0.000000000000000000e+00
4.994994994994995352e+01, -3.747713461693043535e-01, 0.000000000000000000e+00
5.005005005005005358e+01, -3.693738505424786767e-01, 0.000000000000000000e+00
5.015015015015015365e+01, -3.637196527225874942e-01, 0.000000000000000000e+00
5.025025025025025371e+01, -3.578184599221352347e-01, 0.000000000000000000e+00
5.035035035035035378e+01, -3.516814629041868923e-01, 0.000000000000000000e+00
5.045045045045045384e+01, -3.453184572083410897e-01, 0.000000000000000000e+00
5.055055055055055391e+01, -3.387406658451202479e-01, 0.000000000000000000e+00
5.065065065065065397e+01, -3.319579287713522175e-01, 0.000000000000000000e+00
5.075075075075075404e+01, -3.249814593437357901e-01, 0.000000000000000000e+00
5.085085085085085410e+01, -3.178210995901225577e-01, 0.000000000000000000e+00
5.095095095095095417e+01, -3.104880128671320128e-01, 0.000000000000000000e+00
5.105105105105105423e+01, -3.029920025923792393e-01, 0.000000000000000000e+00
5.115115115115115429e+01, -2.953441434311125380e-01, 0.000000000000000000e+00
5.125125125125125436e+01, -2.875541612655944657e-01, 0.000000000000000000e+00
5.135135135135135442e+01, -2.796330051229564684e-01, 0.000000000000000000e+00
5.145145145145145449e+01, -2.715902862622633918e-01, 0.000000000000000000e+00
5.155155155155155455e+01, -2.634367929496164717e-01, 0.000000000000000000e+00
5.165165165165165462e+01, -2.551819866414177240e-01, 0.000000000000000000e+00
5.175175175175175468e+01, -2.468364616127441125e-01, 0.000000000000000000e+00
5.185185185185185475e+01, -2.384094963074363527e-01, 0.000000000000000000e+00
5.195195195195195481e+01, -2.299114597314866337e-01, 0.000000000000000000e+00
5.205205205205205488e+01, -2.213514161272356062e-01, 0.000000000000000000e+00
5.215215215215215494e+01, -2.127394799545734017e-01, 0.000000000000000000e+00
5.225225225225225500e+01, -2.040844721281239726e-01, 0.000000000000000000e+00
5.235235235235235507e+01, -1.953962253250958736e-01, 0.000000000000000000e+00
5.245245245245245513e+01, -1.866832901012290269e-01, 0.000000000000000000e+00
5.255255255255255520e+01, -1.779551921848177287e-01, 0.000000000000000000e+00
5.265265265265265526e+01, -1.692201868597150161e-01, 0.000000000000000000e+00
5.275275275275275533e+01, -1.604874698300859381e-01, 0.000000000000000000e+00
5.285285285285285539e+01, -1.517649783272155550e-01, 0.000000000000000000e+00
5.295295295295295546e+01, -1.430615570586540597e-01, 0.000000000000000000e+00
5.305305305305305552e+01, -1.343848045602364649e-01, 0.000000000000000000e+00
5.315315315315315559e+01, -1.257431956761946579e-01, 0.000000000000000000e+00
5.325325325325325565e+01, -1.171439717389275020e-01, 0.000000000000000000e+00
5.335335335335335571e+01, -1.085952209631433629e-01, 0.000000000000000000e+00
5.345345345345345578e+01, -1.001038110937576414e-01, 0.000000000000000000e+00
5.355355355355355584e+01, -9.167742903696900203e-02, 0.000000000000000000e+00
5.365365365365365591e+01, -8.332255467142889171e-02, 0.000000000000000000e+00
5.375375375375375597e+01, -7.504646098214468042e-02, 0.000000000000000000e+00
5.385385385385385604e+01, -6.685522778196474614e-02, 0.000000000000000000e+00
5.395395395395395610e+01, -5.875570356015231283e-02, 0.000000000000000000e+00
5.405405405405405617e+01, -5.075355791045063625e-02, 0.000000000000000000e+00
5.415415415415415623e+01, -4.285520625490611690e-02, 0.000000000000000000e+00
5.425425425425425630e+01, -3.506589982149564688e-02, 0.000000000000000000e+00
5.435435435435435636e+01, -2.739161435513565168e-02, 0.000000000000000000e+00
5.445445445445445642e+01, -1.983717653222742336e-02, 0.000000000000000000e+00
5.455455455455455649e+01, -1.240811772461877273e-02, 0.000000000000000000e+00
5.465465465465465655e+01, -5.108835780605549756e-03, 0.000000000000000000e+00
5.475475475475475662e+01, 2.055585136228539264e-03, 0.000000000000000000e+00
5.485485485485485668e+01, 9.081178429885872205e-03, 0.000000000000000000e+00
5.495495495495495675e+01, 1.596330817795392834e-02, 0.000000000000000000e+00
5.505505505505505681e+01, 2.269843967048043587e-02, 0.000000000000000000e+00
5.515515515515515688e+01, 2.928238452009461479e-02, 0.000000000000000000e+00
5.525525525525525694e+01, 3.571203881260773955e-02, 0.000000000000000000e+00
5.535535535535535701e+01, 4.198365931814473928e-02, 0.000000000000000000e+00
5.545545545545545707e+01, 4.809457017448554028e-02, 0.000000000000000000e+00
5.555555555555555713e+01, 5.404146933184693358e-02, 0.000000000000000000e+00
5.565565565565565720e+01, 5.982210465686051137e-02, 0.000000000000000000e+00
5.575575575575575726e+01, 6.543360977764250963e-02, 0.000000000000000000e+00
5.585585585585585733e+01, 7.087415046467875068e-02, 0.000000000000000000e+00
5.595595595595595739e+01, 7.614128907515874123e-02, 0.000000000000000000e+00
5.605605605605605746e+01, 8.123360203681681546e-02, 0.000000000000000000e+00
5.615615615615615752e+01, 8.614907212127481673e-02, 0.000000000000000000e+00
5.625625625625625759e+01, 9.088667782798930117e-02, 0.000000000000000000e+00
5.635635635635635765e+01, 9.544481274562731377e-02, 0.000000000000000000e+00
5.645645645645645772e+01, 9.982284760561445369e-02, 0.000000000000000000e+00
5.655655655655655778e+01, 1.040195760184391277e-01, 0.000000000000000000e+00
5.665665665665665784e+01, 1.080347499398146838e-01, 0.000000000000000000e+00
5.675675675675675791e+01, 1.118675510953418828e-01, 0.000000000000000000e+00
5.685685685685685797e+01, 1.155181005769226055e-01, 0.000000000000000000e+00
5.695695695695695804e+01, 1.189859552944792787e-01, 0.000000000000000000e+00
5.705705705705705810e+01, 1.222715923959259293e-01, 0.000000000000000000e+00
5.715715715715715817e+01, 1.253749301087101475e-01, 0.000000000000000000e+00
5.725725725725725823e+01, 1.282967876533030738e-01, 0.000000000000000000e+00
5.735735735735735830e+01, 1.310374298602571819e-01, 0.000000000000000000e+00
5.745745745745745836e+01, 1.335980032247650329e-01, 0.000000000000000000e+00
5.755755755755755843e+01, 1.359791037067731856e-01, 0.000000000000000000e+00
5.765765765765765849e+01, 1.381821895526305632e-01, 0.000000000000000000e+00
5.775775775775775855e+01, 1.402081717066201716e-01, 0.000000000000000000e+00
5.785785785785785862e+01, 1.420588040050256851e-01, 0.000000000000000000e+00
5.795795795795795868e+01, 1.437352956472901233e-01, 0.000000000000000000e+00
5.805805805805805875e+01, 1.452396793479305837e-01, 0.000000000000000000e+00
5.815815815815815881e+01, 1.465734453344568200e-01, 0.000000000000000000e+00
5.825825825825825888e+01, 1.477388880234174195e-01, 0.000000000000000000e+00
5.835835835835835894e+01, 1.487377610302586528e-01, 0.000000000000000000e+00
5.845845845845845901e+01, 1.495726029173539695e-01, 0.000000000000000000e+00
5.855855855855855907e+01, 1.502454127181979682e-01, 0.000000000000000000e+00
5.865865865865865914e+01, 1.507589552875207017e-01, 0.000000000000000000e+00
5.875875875875875920e+01, 1.511154568586362545e-01, 0.000000000000000000e+00
5.885885885885885926e+01, 1.513178905086390025e-01, 0.000000000000000000e+00
5.895895895895895933e+01, 1.513686912834018294e-01, 0.000000000000000000e+00
5.905905905905905939e+01, 1.512710222743652577e-01, 0.000000000000000000e+00
5.915915915915915946e+01, 1.510275088606430893e-01, 0.000000000000000000e+00
5.925925925925925952e+01, 1.506414858780175947e-01, 0.000000000000000000e+00
5.935935935935935959e+01, 1.501157505418980187e-01, 0.000000000000000000e+00
5.945945945945945965e+01, 1.494537911737998381e-01, 0.000000000000000000e+00
5.955955955955955972e+01, 1.486585583825488777e-01, 0.000000000000000000e+00
5.965965965965965978e+01, 1.477336757987231242e-01, 0.000000000000000000e+00
5.975975975975975985e+01, 1.466822291045350446e-01, 0.000000000000000000e+00
5.985985985985986702e+01, 1.455079592124309540e-01, 0.000000000000000000e+00
5.995995995995996708e+01, 1.442140687465459092e-01, 0.000000000000000000e+00
6.006006006006006714e+01, 1.428043980878641317e-01, 0.000000000000000000e+00
6.016016016016016721e+01, 1.412822489220564581e-01, 0.000000000000000000e+00
6.026026026026026727e+01, 1.396515435602865562e-01, 0.000000000000000000e+00
6.036036036036036734e+01, 1.379156651796381861e-01, 0.000000000000000000e+00
6.046046046046046740e+01, 1.360786008157852944e-01, 0.000000000000000000e+00
6.056056056056056747e+01, 1.341437979331225050e-01, 0.000000000000000000e+00
6.066066066066066753e+01, 1.321152914730874539e-01, 0.000000000000000000e+00
6.076076076076076760e+01, 1.299965764015470204e-01, 0.000000000000000000e+00
6.086086086086086766e+01, 1.277917191845500122e-01, 0.000000000000000000e+00
6.096096096096096772e+01, 1.255042459705190405e-01, 0.000000000000000000e+00
6.106106106106106779e+01, 1.231382388536043232e-01, 0.000000000000000000e+00
6.116116116116116785e+01, 1.206972393578121527e-01, 0.000000000000000000e+00
6.126126126126126792e+01, 1.181853298369111294e-01, 0.000000000000000000e+00
6.136136136136136798e+01, 1.156060519368118655e-01, 0.000000000000000000e+00
6.146146146146146805e+01, 1.129634734701338850e-01, 0.000000000000000000e+00
6.156156156156156811e+01, 1.102611215419604523e-01, 0.000000000000000000e+00
6.166166166166166818e+01, 1.075030352266921063e-01, 0.000000000000000000e+00
6.176176176176176824e+01, 1.046927130507548792e-01, 0.000000000000000000e+00
6.186186186186186831e+01, 1.018341517892343562e-01, 0.000000000000000000e+00
6.196196196196196837e+01, 9.893080800723431933e-02, 0.000000000000000000e+00
6.206206206206206843e+01, 9.598662328399075461e-02, 0.000000000000000000e+00
6.216216216216216850e+01, 9.300499952237881174e-02, 0.000000000000000000e+00
6.226226226226226856e+01, 8.998981089873896166e-02, 0.000000000000000000e+00
6.236236236236236863e+01, 8.694439265753116375e-02, 0.000000000000000000e+00
6.246246246246246869e+01, 8.387254007595397465e-02, 0.000000000000000000e+00
6.256256256256256876e+01, 8.077751046796172174e-02, 0.000000000000000000e+00
6.266266266266266882e+01, 7.766300944391303640e-02, 0.000000000000000000e+00
6.276276276276276889e+01, 7.453220585511514951e-02, 0.000000000000000000e+00
6.286286286286286895e+01, 7.138870562019082600e-02, 0.000000000000000000e+00
6.296296296296296902e+01, 6.823557934800866809e-02, 0.000000000000000000e+00
6.306306306306306908e+01, 6.507632399419782665e-02, 0.000000000000000000e+00
6.316316316316316914e+01, 6.191390290677845076e-02, 0.000000000000000000e+00
6.326326326326326921e+01, 5.875169556827308098e-02, 0.000000000000000000e+00
6.336336336336336927e+01, 5.559254981458025546e-02, 0.000000000000000000e+00
6.346346346346346934e+01, 5.243971991042226111e-02, 0.000000000000000000e+00
6.356356356356356940e+01, 4.929593069801950500e-02, 0.000000000000000000e+00
6.366366366366366947e+01, 4.616430424616794342e-02, 0.000000000000000000e+00
6.376376376376376953e+01, 4.304743569108501755e-02, 0.000000000000000000e+00
6.386386386386386960e+01, 3.994830869221874248e-02, 0.000000000000000000e+00
6.396396396396396966e+01, 3.686938273325812698e-02, 0.000000000000000000e+00
6.406406406406406973e+01, 3.381349761083269484e-02, 0.000000000000000000e+00
6.416416416416416268e+01, 3.078297196912214984e-02, 0.000000000000000000e+00
6.426426426426426985e+01, 2.778049704090274769e-02, 0.000000000000000000e+00
6.436436436436436281e+01, 2.480824619446211562e-02, 0.000000000000000000e+00
6.446446446446446998e+01, 2.186875813998054308e-02, 0.000000000000000000e+00
6.456456456456456294e+01, 1.896405727256747498e-02, 0.000000000000000000e+00
6.466466466466467011e+01, 1.609652655072388652e-02, 0.000000000000000000e+00
6.476476476476476307e+01, 1.326803842427554808e-02, 0.000000000000000000e+00
6.486486486486487024e+01, 1.048081758564152303e-02, 0.000000000000000000e+00
6.496496496496496320e+01, 7.736582276254079168e-03, 0.000000000000000000e+00
6.506506506506507037e+01, 5.037397105551236903e-03, 0.000000000000000000e+00
6.516516516516516333e+01, 2.384824534151478923e-03, 0.000000000000000000e+00
6.526526526526527050e+01, -2.192320501106194072e-04, 0.000000000000000000e+00
6.536536536536536346e+01, -2.773366869436601038e-03, 0.000000000000000000e+00
6.546546546546547063e+01, -5.275838239064303652e-03, 0.000000000000000000e+00
6.556556556556556359e+01, -7.725397317700796393e-03, 0.000000000000000000e+00
6.566566566566567076e+01, -1.012046397083867996e-02, 0.000000000000000000e+00
6.576576576576576372e+01, -1.245994592281112270e-02, 0.000000000000000000e+00
6.586586586586587089e+01, -1.474242382671651919e-02, 0.000000000000000000e+00
6.596596596596596385e+01, -1.696696100233444776e-02, 0.000000000000000000e+00
6.606606606606607102e+01, -1.913229754377836558e-02, 0.000000000000000000e+00
6.616616616616616398e+01, -2.123765082341254329e-02, 0.000000000000000000e+00
6.626626626626627115e+01, -2.328191847300135203e-02, 0.000000000000000000e+00
6.636636636636636410e+01, -2.526446982976818939e-02, 0.000000000000000000e+00
6.646646646646647127e+01, -2.718435763128575211e-02, 0.000000000000000000e+00
6.656656656656656423e+01, -2.904110057591221053e-02, 0.000000000000000000e+00
6.666666666666667140e+01, -3.083390357597540210e-02, 0.000000000000000000e+00
6.676676676676676436e+01, -3.256243160100634471e-02, 0.000000000000000000e+00
6.686686686686687153e+01, -3.422603833791624389e-02, 0.000000000000000000e+00
6.696696696696696449e+01, -3.582453148171778345e-02, 0.000000000000000000e+00
6.706706706706707166e+01, -3.735740965538269370e-02, 0.000000000000000000e+00
6.716716716716716462e+01, -3.882461930909415077e-02, 0.000000000000000000e+00
6.726726726726727179e+01, -4.022579975631007665e-02, 0.000000000000000000e+00
6.736736736736736475e+01, -4.156103183902065679e-02, 0.000000000000000000e+00
6.746746746746747192e+01, -4.283009094023311480e-02, 0.000000000000000000e+00
6.756756756756756488e+01, -4.403318756921549559e-02, 0.000000000000000000e+00
6.766766766766767205e+01, -4.517022821416750988e-02, 0.000000000000000000e+00
6.776776776776776501e+01, -4.624154799801068888e-02, 0.000000000000000000e+00
6.786786786786787218e+01, -4.724717923842237238e-02, 0.000000000000000000e+00
6.796796796796796514e+01, -4.818757632138159080e-02, 0.000000000000000000e+00
6.806806806806807231e+01, -4.906289183902371592e-02, 0.000000000000000000e+00
6.816816816816816527e+01, -4.987369382486835784e-02, 0.000000000000000000e+00
6.826826826826827244e+01, -5.062024934310564023e-02, 0.000000000000000000e+00
6.836836836836837961e+01, -5.130323422621457796e-02, 0.000000000000000000e+00
6.846846846846847257e+01, -5.192302399232323618e-02, 0.000000000000000000e+00
6.856856856856857974e+01, -5.248039622277182736e-02, 0.000000000000000000e+00
6.866866866866867269e+01, -5.297582868710254411e-02, 0.000000000000000000e+00
6.876876876876877986e+01, -5.341019449502910910e-02, 0.000000000000000000e+00
6.886886886886887282e+01, -5.378406731141269909e-02, 0.000000000000000000e+00
6.896896896896897999e+01, -5.409840941406696829e-02, 0.000000000000000000e+00
6.906906906906907295e+01, -5.435388388376882762e-02, 0.000000000000000000e+00
6.916916916916918012e+01, -5.455153569635395189e-02, 0.000000000000000000e+00
6.926926926926927308e+01, -5.469211077539893467e-02, 0.000000000000000000e+00
6.936936936936938025e+01, -5.477673024414642794e-02, 0.000000000000000000e+00
6.946946946946947321e+01, -5.480621623098297368e-02, 0.000000000000000000e+00
6.956956956956958038e+01, -5.478175940387256665e-02, 0.000000000000000000e+00
6.966966966966967334e+01, -5.470425142114741790e-02, 0.000000000000000000e+00
6.976976976976978051e+01, -5.457494586832356553e-02, 0.000000000000000000e+00
6.986986986986987347e+01, -5.439479724902310243e-02, 0.000000000000000000e+00
6.996996996996998064e+01, -5.416511544129510441e-02, 0.000000000000000000e+00
7.007007007007007360e+01, -5.388691112570140329e-02, 0.000000000000000000e+00
7.017017017017018077e+01, -5.356154387556931462e-02, 0.000000000000000000e+00
7.027027027027027373e+01, -5.319007392140354812e-02, 0.000000000000000000e+00
7.037037037037038090e+01, -5.277390398685304074e-02, 0.000000000000000000e+00
7.047047047047047386e+01, -5.231413729066258095e-02, 0.000000000000000000e+00
7.057057057057058103e+01, -5.181221323754441749e-02, 0.000000000000000000e+00
7.067067067067067399e+01, -5.126927156085846204e-02, 0.000000000000000000e+00
7.077077077077078116e+01, -5.068678197503918154e-02, 0.000000000000000000e+00
7.087087087087087411e+01, -5.006591436409647128e-02, 0.000000000000000000e+00
7.097097097097098128e+01, -4.940816249975980151e-02, 0.000000000000000000e+00
7.107107107107107424e+01, -4.871472018272657301e-02, 0.000000000000000000e+00
7.117117117117118141e+01, -4.798709912824756368e-02, 0.000000000000000000e+00
7.127127127127127437e+01, -4.722651096881922556e-02, 0.000000000000000000e+00
7.137137137137138154e+01, -4.643447940654747003e-02, 0.000000000000000000e+00
7.147147147147147450e+01, -4.561222798768862358e-02, 0.000000000000000000e+00
7.157157157157158167e+01, -4.476128661879093251e-02, 0.000000000000000000e+00
7.167167167167167463e+01, -4.388288502513903316e-02, 0.000000000000000000e+00
7.177177177177178180e+01, -4.297855372538540025e-02, 0.000000000000000000e+00
7.187187187187187476e+01, -4.204952308754757867e-02, 0.000000000000000000e+00
7.197197197197198193e+01, -4.109731885460440187e-02, 0.000000000000000000e+00
7.207207207207207489e+01, -4.012316671323758882e-02, 0.000000000000000000e+00
7.217217217217218206e+01, -3.912858246067909412e-02, 0.000000000000000000e+00
7.227227227227227502e+01, -3.811478200288247187e-02, 0.000000000000000000e+00
7.237237237237238219e+01, -3.708326625076809741e-02, 0.000000000000000000e+00
7.247247247247247515e+01, -3.603523646595663960e-02, 0.000000000000000000e+00
7.257257257257258232e+01, -3.497217397246880910e-02, 0.000000000000000000e+00
7.267267267267267528e+01, -3.389526076955662326e-02, 0.000000000000000000e+00
7.277277277277278245e+01, -3.280595414287230255e-02, 0.000000000000000000e+00
7.287287287287287540e+01, -3.170541246529565149e-02, 0.000000000000000000e+00
7.297297297297298257e+01, -3.059506478959303152e-02, 0.000000000000000000e+00
7.307307307307307553e+01, -2.947604175946330618e-02, 0.000000000000000000e+00
7.317317317317318270e+01, -2.834974026376235745e-02, 0.000000000000000000e+00
7.327327327327327566e+01, -2.721725938127769057e-02, 0.000000000000000000e+00
7.337337337337338283e+01, -2.607996017469667305e-02, 0.000000000000000000e+00
7.347347347347347579e+01, -2.493890659387382192e-02, 0.000000000000000000e+00
7.357357357357358296e+01, -2.379542048587045613e-02, 0.000000000000000000e+00
7.367367367367367592e+01, -2.265052738270157545e-02, 0.000000000000000000e+00
7.377377377377378309e+01, -2.150550680197160433e-02, 0.000000000000000000e+00
7.387387387387387605e+01, -2.036134284628038360e-02, 0.000000000000000000e+00
7.397397397397398322e+01, -1.921926986722375871e-02, 0.000000000000000000e+00
7.407407407407407618e+01, -1.808022780480337405e-02, 0.000000000000000000e+00
7.417417417417418335e+01, -1.694540328585121200e-02, 0.000000000000000000e+00
7.427427427427427631e+01, -1.581568963292755148e-02, 0.000000000000000000e+00
7.437437437437438348e+01, -1.469222346656483616e-02, 0.000000000000000000e+00
7.447447447447447644e+01, -1.357584931425363794e-02, 0.000000000000000000e+00
7.457457457457458361e+01, -1.246765178428356838e-02, 0.000000000000000000e+00
7.467467467467467657e+01, -1.136842470650987688e-02, 0.000000000000000000e+00
7.477477477477478374e+01, -1.027919894399656302e-02, 0.000000000000000000e+00
7.487487487487487670e+01, -9.200715998328657524e-03, 0.000000000000000000e+00
7.497497497497498387e+01, -8.133951523734663652e-03, 0.000000000000000000e+00
7.507507507507507682e+01, -7.079593330762240858e-03, 0.000000000000000000e+00
7.517517517517518399e+01, -6.038560666073685898e-03, 0.000000000000000000e+00
7.527527527527527695e+01, -5.011486549337284754e-03, 0.000000000000000000e+00
7.537537537537538412e+01, -3.999232880449519849e-03, 0.000000000000000000e+00
7.547547547547547708e+01, -3.002377045512204766e-03, 0.000000000000000000e+00
7.557557557557558425e+01, -2.021722911838485463e-03, 0.000000000000000000e+00
7.567567567567567721e+01, -1.057791639887709426e-03, 0.000000000000000000e+00
7.577577577577578438e+01, -1.113286250578027735e-04, 0.000000000000000000e+00
7.587587587587587734e+01, 8.172015465624836786e-04, 0.000000000000000000e+00
7.597597597597598451e+01, 1.727112151924748221e-03, 0.000000000000000000e+00
7.607607607607607747e+01, 2.617995292618275661e-03, 0.000000000000000000e+00
7.617617617617618464e+01, 3.489222887705806589e-03, 0.000000000000000000e+00
7.627627627627627760e+01, 4.340443612876635979e-03, 0.000000000000000000e+00
7.637637637637638477e+01, 5.171087777198976609e-03, 0.000000000000000000e+00
7.647647647647647773e+01, 5.980860299086164858e-03, 0.000000000000000000e+00
7.657657657657658490e+01, 6.769249412968806473e-03, 0.000000000000000000e+00
7.667667667667667786e+01, 7.536015740394036953e-03, 0.000000000000000000e+00
7.677677677677678503e+01, 8.280704773772851190e-03, 0.000000000000000000e+00
7.687687687687687799e+01, 9.003132100005776725e-03, 0.000000000000000000e+00
7.697697697697698516e+01, 9.702899609574770073e-03, 0.000000000000000000e+00
7.707707707707707812e+01, 1.037987692917213128e-02, 0.000000000000000000e+00
7.717717717717718529e+01, 1.103372130548321839e-02, 0.000000000000000000e+00
7.727727727727727824e+01, 1.166435530238852346e-02, 0.000000000000000000e+00
7.737737737737738541e+01, 1.227149030982380498e-02, 0.000000000000000000e+00
7.747747747747747837e+01, 1.285510056022765371e-02, 0.000000000000000000e+00
7.757757757757758554e+01, 1.341495021387047008e-02, 0.000000000000000000e+00
7.767767767767767850e+01, 1.395106374833098885e-02, 0.000000000000000000e+00
7.777777777777778567e+01, 1.446325657265564585e-02, 0.000000000000000000e+00
7.787787787787787863e+01, 1.495160184276752083e-02, 0.000000000000000000e+00
7.797797797797798580e+01, 1.541596455775393754e-02, 0.000000000000000000e+00
7.807807807807807876e+01, 1.585646485323943117e-02, 0.000000000000000000e+00
7.817817817817818593e+01, 1.627301553400306577e-02, 0.000000000000000000e+00
7.827827827827827889e+01, 1.666578189648345101e-02, 0.000000000000000000e+00
7.837837837837838606e+01, 1.703472265279871306e-02, 0.000000000000000000e+00
7.847847847847847902e+01, 1.738004633269614463e-02, 0.000000000000000000e+00
7.857857857857858619e+01, 1.770175555488868319e-02, 0.000000000000000000e+00
7.867867867867867915e+01, 1.800010005791399109e-02, 0.000000000000000000e+00
7.877877877877878632e+01, 1.827512427551206825e-02, 0.000000000000000000e+00
7.887887887887887928e+01, 1.852711704501899467e-02, 0.000000000000000000e+00
7.897897897897898645e+01, 1.875616244429216539e-02, 0.000000000000000000e+00
7.907907907907907941e+01, 1.896258622543198213e-02, 0.000000000000000000e+00
7.917917917917918658e+01, 1.914650987151537975e-02, 0.000000000000000000e+00
7.927927927927927954e+01, 1.930829380261466291e-02, 0.000000000000000000e+00
7.937937937937938671e+01, 1.944809461132708875e-02, 0.000000000000000000e+00
7.947947947947947966e+01, 1.956630508724412076e-02, 0.000000000000000000e+00
7.957957957957958683e+01, 1.966311459096580297e-02, 0.000000000000000000e+00
7.967967967967967979e+01, 1.973894594236609221e-02, 0.000000000000000000e+00
7.977977977977978696e+01, 1.979401889345671142e-02, 0.000000000000000000e+00
7.987987987987987992e+01, 1.982878392499450373e-02, 0.000000000000000000e+00
7.997997997997998709e+01, 1.984348877921189580e-02, 0.000000000000000000e+00
8.008008008008008005e+01, 1.983860920852076673e-02, 0.000000000000000000e+00
8.018018018018018722e+01, 1.981441852975574999e-02, 0.000000000000000000e+00
8.028028028028028018e+01, 1.977141536794654181e-02, 0.000000000000000000e+00
8.038038038038038735e+01, 1.970989619432748224e-02, 0.000000000000000000e+00
8.048048048048048031e+01, 1.963038010737606920e-02, 0.000000000000000000e+00
8.058058058058058748e+01, 1.953318431742850567e-02, 0.000000000000000000e+00
8.068068068068068044e+01, 1.941884600641698155e-02, 0.000000000000000000e+00
8.078078078078078761e+01, 1.928770072249727865e-02, 0.000000000000000000e+00
8.088088088088088057e+01, 1.914030135916118189e-02, 0.000000000000000000e+00
8.098098098098098774e+01, 1.897699942382918836e-02, 0.000000000000000000e+00
8.108108108108108070e+01, 1.879836117626788872e-02, 0.000000000000000000e+00
8.118118118118118787e+01, 1.860475173562985834e-02, 0.000000000000000000e+00
8.128128128128128083e+01, 1.839674841736849836e-02, 0.000000000000000000e+00
8.138138138138138800e+01, 1.817472764371907620e-02, 0.000000000000000000e+00
8.148148148148148096e+01, 1.793927551757599007e-02, 0.000000000000000000e+00
8.158158158158158813e+01, 1.769077750190447759e-02, 0.000000000000000000e+00
8.168168168168168108e+01, 1.742982626832794910e-02, 0.000000000000000000e+00
8.178178178178178825e+01, 1.715681411143980470e-02, 0.000000000000000000e+00
8.188188188188188121e+01, 1.687233810914134935e-02, 0.000000000000000000e+00
8.198198198198198838e+01, 1.657679523828881757e-02, 0.000000000000000000e+00
8.208208208208208134e+01, 1.627078488312548588e-02, 0.000000000000000000e+00
8.218218218218218851e+01, 1.595470661915090321e-02, 0.000000000000000000e+00
8.228228228228228147e+01, 1.562916010530489633e-02, 0.000000000000000000e+00
8.238238238238238864e+01, 1.529454550338481787e-02, 0.000000000000000000e+00
8.248248248248248160e+01, 1.495146078896411428e-02, 0.000000000000000000e+00
8.258258258258258877e+01, 1.460030477411040223e-02, 0.000000000000000000e+00
8.268268268268268173e+01, 1.424167187135701694e-02, 0.000000000000000000e+00
8.278278278278278890e+01, 1.387595768789045593e-02, 0.000000000000000000e+00
8.288288288288288186e+01, 1.350375127624063414e-02, 0.000000000000000000e+00
8.298298298298298903e+01, 1.312544326851123634e-02, 0.000000000000000000e+00
8.308308308308308199e+01, 1.274161564681338017e-02, 0.000000000000000000e+00
8.318318318318318916e+01, 1.235265238650742892e-02, 0.000000000000000000e+00
8.328328328328328212e+01, 1.195912677877524789e-02, 0.000000000000000000e+00
8.338338338338338929e+01, 1.156141455222831765e-02, 0.000000000000000000e+00
8.348348348348348225e+01, 1.116007877939589020e-02, 0.000000000000000000e+00
8.358358358358358942e+01, 1.075548544643171317e-02, 0.000000000000000000e+00
8.368368368368368237e+01, 1.034818597469013175e-02, 0.000000000000000000e+00
8.378378378378378954e+01, 9.938535208633299950e-03, 0.000000000000000000e+00
8.388388388388388250e+01, 9.527071583073512887e-03, 0.000000000000000000e+00
8.398398398398398967e+01, 9.114137499745400897e-03, 0.000000000000000000e+00
8.408408408408408263e+01, 8.700257170211516192e-03, 0.000000000000000000e+00
8.418418418418418980e+01, 8.285759351919852814e-03, 0.000000000000000000e+00
8.428428428428428276e+01, 7.871152896200814264e-03, 0.000000000000000000e+00
8.438438438438438993e+01, 7.456751814979795633e-03, 0.000000000000000000e+00
8.448448448448448289e+01, 7.043048562737349444e-03, 0.000000000000000000e+00
8.458458458458459006e+01, 6.630341405390759689e-03, 0.000000000000000000e+00
8.468468468468468302e+01, 6.219105464544898154e-03, 0.000000000000000000e+00
8.478478478478479019e+01, 5.809622360395668567e-03, 0.000000000000000000e+00
8.488488488488488315e+01, 5.402349046067856861e-03, 0.000000000000000000e+00
8.498498498498499032e+01, 4.997549696727350728e-03, 0.000000000000000000e+00
8.508508508508508328e+01, 4.595662361283335204e-03, 0.000000000000000000e+00
8.518518518518519045e+01, 4.196933070226226657e-03, 0.000000000000000000e+00
8.528528528528528341e+01, 3.801780331465209710e-03, 0.000000000000000000e+00
8.538538538538539058e+01, 3.410431429734859035e-03, 0.000000000000000000e+00
8.548548548548549775e+01, 3.023284792845378974e-03, 0.000000000000000000e+00
8.558558558558559071e+01, 2.640548455823407172e-03, 0.000000000000000000e+00
8.568568568568569788e+01, 2.262600323371089482e-03, 0.000000000000000000e+00
8.578578578578579084e+01, 1.889628772225880214e-03, 0.000000000000000000e+00
8.588588588588589801e+01, 1.521990835155900574e-03, 0.000000000000000000e+00
8.598598598598599096e+01, 1.159854915340054280e-03, 0.000000000000000000e+00
8.608608608608609813e+01, 8.035569167709676009e-04, 0.000000000000000000e+00
8.618618618618619109e+01, 4.532450447704519008e-04, 0.000000000000000000e+00
8.628628628628629826e+01, 1.092339072273783209e-04, 0.000000000000000000e+00
8.638638638638639122e+01, -2.283486243247368364e-04, 0.000000000000000000e+00
8.648648648648649839e+01, -5.592093186395090572e-04, 0.000000000000000000e+00
8.658658658658659135e+01, -8.832406883817788597e-04, 0.000000000000000000e+00
8.668668668668669852e+01, -1.200170875652883072e-03, 0.000000000000000000e+00
8.678678678678679148e+01, -1.509912745273118799e-03, 0.000000000000000000e+00
8.688688688688689865e+01, -1.812215728731832957e-03, 0.000000000000000000e+00
8.698698698698699161e+01, -2.107012931779065918e-03, 0.000000000000000000e+00
8.708708708708709878e+01, -2.394074914027834265e-03, 0.000000000000000000e+00
8.718718718718719174e+01, -2.673354835201526176e-03, 0.000000000000000000e+00
8.728728728728729891e+01, -2.944644147999726791e-03, 0.000000000000000000e+00
8.738738738738739187e+01, -3.207915807045562742e-03, 0.000000000000000000e+00
8.748748748748749904e+01, -3.462981852998811734e-03, 0.000000000000000000e+00
8.758758758758759200e+01, -3.709834707946296599e-03, 0.000000000000000000e+00
8.768768768768769917e+01, -3.948306629107489578e-03, 0.000000000000000000e+00
8.778778778778779213e+01, -4.178409114110898798e-03, 0.000000000000000000e+00
8.788788788788789930e+01, -4.399994202987698652e-03, 0.000000000000000000e+00
8.798798798798799226e+01, -4.613092016478582448e-03, 0.000000000000000000e+00
8.808808808808809943e+01, -4.817573885350141631e-03, 0.000000000000000000e+00
8.818818818818819238e+01, -5.013488044579344528e-03, 0.000000000000000000e+00
8.828828828828829955e+01, -5.200724569356225679e-03, 0.000000000000000000e+00
8.838838838838839251e+01, -5.379349247696691566e-03, 0.000000000000000000e+00
8.848848848848849968e+01, -5.549270302813668482e-03, 0.000000000000000000e+00
8.858858858858859264e+01, -5.710570466414078249e-03, 0.000000000000000000e+00
8.868868868868869981e+01, -5.863175467428503006e-03, 0.000000000000000000e+00
8.878878878878879277e+01, -6.007184327954460078e-03, 0.000000000000000000e+00
8.888888888888889994e+01, -6.142539598633319810e-03, 0.000000000000000000e+00
8.898898898898899290e+01, -6.269355898909161409e-03, 0.000000000000000000e+00
8.908908908908910007e+01, -6.387591879630592946e-03, 0.000000000000000000e+00
8.918918918918919303e+01, -6.497377029003223795e-03, 0.000000000000000000e+00
8.928928928928930020e+01, -6.598685343273399256e-03, 0.000000000000000000e+00
8.938938938938939316e+01, -6.691660419462628143e-03, 0.000000000000000000e+00
8.948948948948950033e+01, -6.776290815260637562e-03, 0.000000000000000000e+00
8.958958958958959329e+01, -6.852733449341171651e-03, 0.000000000000000000e+00
8.968968968968970046e+01, -6.920990631854195829e-03, 0.000000000000000000e+00
8.978978978978979342e+01, -6.981231792835109265e-03, 0.000000000000000000e+00
8.988988988988990059e+01, -7.033472164938976354e-03, 0.000000000000000000e+00
8.998998998998999355e+01, -7.077892860169988747e-03, 0.000000000000000000e+00
9.009009009009010072e+01, -7.114521186745913391e-03, 0.000000000000000000e+00
9.019019019019019368e+01, -7.143549094090407246e-03, 0.000000000000000000e+00
9.029029029029030085e+01, -7.165015105953507525e-03, 0.000000000000000000e+00
9.039039039039039380e+01, -7.179121153327239907e-03, 0.000000000000000000e+00
9.049049049049050097e+01, -7.185916106177889923e-03, 0.000000000000000000e+00
9.059059059059059393e+01, -7.185611013664877991e-03, 0.000000000000000000e+00
9.069069069069070110e+01, -7.178264217063254696e-03, 0.000000000000000000e+00
9.079079079079079406e+01, -7.164095016387603612e-03, 0.000000000000000000e+00
9.089089089089090123e+01, -7.143170347299177166e-03, 0.000000000000000000e+00
9.099099099099099419e+01, -7.115716892959941461e-03, 0.000000000000000000e+00
9.109109109109110136e+01, -7.081809307927956244e-03, 0.000000000000000000e+00
9.119119119119119432e+01, -7.041680793792807341e-03, 0.000000000000000000e+00
9.129129129129130149e+01, -6.995412853265887965e-03, 0.000000000000000000e+00
9.139139139139139445e+01, -6.943244347876245497e-03, 0.000000000000000000e+00
9.149149149149150162e+01, -6.885262765659618672e-03, 0.000000000000000000e+00
9.159159159159159458e+01, -6.821711778924548393e-03, 0.000000000000000000e+00
9.169169169169170175e+01, -6.752684009134935980e-03, 0.000000000000000000e+00
9.179179179179179471e+01, -6.678427102489551369e-03, 0.000000000000000000e+00
9.189189189189190188e+01, -6.599037975778901562e-03, 0.000000000000000000e+00
9.199199199199199484e+01, -6.514767427256990505e-03, 0.000000000000000000e+00
9.209209209209210201e+01, -6.425715847434173428e-03, 0.000000000000000000e+00
9.219219219219219497e+01, -6.332136382458644110e-03, 0.000000000000000000e+00
9.229229229229230214e+01, -6.234132093982859557e-03, 0.000000000000000000e+00
9.239239239239239510e+01, -6.131957692013897954e-03, 0.000000000000000000e+00
9.249249249249250227e+01, -6.025718128162394979e-03, 0.000000000000000000e+00
9.259259259259259522e+01, -5.915668914665551427e-03, 0.000000000000000000e+00
9.269269269269270239e+01, -5.801916135494792313e-03, 0.000000000000000000e+00
9.279279279279279535e+01, -5.684715368002924915e-03, 0.000000000000000000e+00
9.289289289289290252e+01, -5.564173096529700414e-03, 0.000000000000000000e+00
9.299299299299299548e+01, -5.440544252875986059e-03, 0.000000000000000000e+00
9.309309309309310265e+01, -5.313935017205682725e-03, 0.000000000000000000e+00
9.319319319319319561e+01, -5.184598993304188365e-03, 0.000000000000000000e+00
9.329329329329330278e+01, -5.052641381731061768e-03, 0.000000000000000000e+00
9.339339339339339574e+01, -4.918313805577981604e-03, 0.000000000000000000e+00
9.349349349349350291e+01, -4.781719840979108647e-03, 0.000000000000000000e+00
9.359359359359359587e+01, -4.643108508845472659e-03, 0.000000000000000000e+00
9.369369369369370304e+01, -4.502581147989397070e-03, 0.000000000000000000e+00
9.379379379379379600e+01, -4.360383588077582952e-03, 0.000000000000000000e+00
9.389389389389390317e+01, -4.216614350772709963e-03, 0.000000000000000000e+00
9.399399399399399613e+01, -4.071515518916412821e-03, 0.000000000000000000e+00
9.409409409409410330e+01, -3.925182251235398954e-03, 0.000000000000000000e+00
9.419419419419419626e+01, -3.777852362538466641e-03, 0.000000000000000000e+00
9.429429429429430343e+01, -3.629617137676061870e-03, 0.000000000000000000e+00
9.439439439439439639e+01, -3.480709637312603532e-03, 0.000000000000000000e+00
9.449449449449450356e+01, -3.331216796967690318e-03, 0.000000000000000000e+00
9.459459459459459651e+01, -3.181366472705759226e-03, 0.000000000000000000e+00
9.469469469469470368e+01, -3.031240811224962788e-03, 0.000000000000000000e+00
9.479479479479479664e+01, -2.881062049590992109e-03, 0.000000000000000000e+00
9.489489489489490381e+01, -2.730907142475146564e-03, 0.000000000000000000e+00
9.499499499499499677e+01, -2.580992329848344653e-03, 0.000000000000000000e+00
9.509509509509510394e+01, -2.431389007603885349e-03, 0.000000000000000000e+00
9.519519519519519690e+01, -2.282307076920832029e-03, 0.000000000000000000e+00
9.529529529529530407e+01, -2.133812044639316237e-03, 0.000000000000000000e+00
9.539539539539539703e+01, -1.986107167799973979e-03, 0.000000000000000000e+00
9.549549549549550420e+01, -1.839251770270809673e-03, 0.000000000000000000e+00
9.559559559559559716e+01, -1.693442195770916486e-03, 0.000000000000000000e+00
9.569569569569570433e+01, -1.548731327377547620e-03, 0.000000000000000000e+00
9.579579579579579729e+01, -1.405308362148418753e-03, 0.000000000000000000e+00
9.589589589589590446e+01, -1.263219520266407750e-03, 0.000000000000000000e+00
9.599599599599599742e+01, -1.122646654184808468e-03, 0.000000000000000000e+00
9.609609609609610459e+01, -9.836291342946298574e-04, 0.000000000000000000e+00
9.619619619619619755e+01, -8.463413053317241173e-04, 0.000000000000000000e+00
9.629629629629630472e+01, -7.108155355785792653e-04, 0.000000000000000000e+00
9.639639639639639768e+01, -5.772185330906979975e-04, 0.000000000000000000e+00
9.649649649649650485e+01, -4.455755455707525038e-04, 0.000000000000000000e+00
9.659659659659659781e+01, -3.160455487948928173e-04, 0.000000000000000000e+00
9.669669669669670498e+01, -1.886465844221030469e-04, 0.000000000000000000e+00
9.679679679679679793e+01, -6.352983282826302615e-05, 0.000000000000000000e+00
9.689689689689690510e+01, 5.929392376162657572e-05, 0.000000000000000000e+00
9.699699699699699806e+01, 1.796813319923704739e-04, 0.000000000000000000e+00
9.709709709709710523e+01, 2.976288914119246121e-04, 0.000000000000000000e+00
9.719719719719719819e+01, 4.130010768682421574e-04, 0.000000000000000000e+00
9.729729729729730536e+01, 5.258016620732717519e-04, 0.000000000000000000e+00
9.739739739739739832e+01, 6.359029219627378550e-04, 0.000000000000000000e+00
9.749749749749750549e+01, 7.433158680327759012e-04, 0.000000000000000000e+00
9.759759759759759845e+01, 8.479205191038788596e-04, 0.000000000000000000e+00
9.769769769769770562e+01, 9.497350605494683795e-04, 0.000000000000000000e+00
9.779779779779779858e+01, 1.048647172057028338e-03, 0.000000000000000000e+00
9.789789789789790575e+01, 1.144682122746007533e-03, 0.000000000000000000e+00
9.799799799799799871e+01, 1.237735144666989332e-03, 0.000000000000000000e+00
9.809809809809810588e+01, 1.327838475684391855e-03, 0.000000000000000000e+00
9.819819819819819884e+01, 1.414894767598519126e-03, 0.000000000000000000e+00
9.829829829829830601e+01, 1.498943088547146155e-03, 0.000000000000000000e+00
9.839839839839839897e+01, 1.579893354775331691e-03, 0.000000000000000000e+00
9.849849849849850614e+01, 1.657791304188902188e-03, 0.000000000000000000e+00
9.859859859859859910e+01, 1.732553940932982962e-03, 0.000000000000000000e+00
9.869869869869870627e+01, 1.804233491609641155e-03, 0.000000000000000000e+00
9.879879879879879923e+01, 1.872753851958652068e-03, 0.000000000000000000e+00
9.889889889889890640e+01, 1.938173537131162314e-03, 0.000000000000000000e+00
9.899899899899899935e+01, 2.000423119894843491e-03, 0.000000000000000000e+00
9.909909909909910652e+01, 2.059567186235446330e-03, 0.000000000000000000e+00
9.919919919919919948e+01, 2.115542754633709457e-03, 0.000000000000000000e+00
9.929929929929930665e+01, 2.168420248146948198e-03, 0.000000000000000000e+00
9.939939939939939961e+01, 2.218142884426538286e-03, 0.000000000000000000e+00
9.949949949949950678e+01, 2.264786675312560615e-03, 0.000000000000000000e+00
9.959959959959959974e+01, 2.308300777379054466e-03, 0.000000000000000000e+00
9.969969969969970691e+01, 2.348766529955652674e-03, 0.000000000000000000e+00
9.979979979979979987e+01, 2.386138756102590148e-03, 0.000000000000000000e+00
9.989989989989990704e+01, 2.420503849854945162e-03, 0.000000000000000000e+00
1.000000000000000000e+02, 2.451822017641065894e-03, 0.000000000000000000e+00
